En la lista hay 20 movimientos bancarios.

Nro Cuenta Banc   Importe 
001-3769502-003   -445.06
001-3769501-001   6154.79
001-3769502-003   5344.87
001-3769503-002  -2859.82
001-3769501-001  -2185.91
001-3769503-001  -2071.29
001-3769503-002   5002.66
001-3769502-003   5971.28
001-3769503-001  -3022.38
001-3769502-003    984.60
001-3769401-002  37971.00
001-3769501-002  -1376.99
001-3769501-002  -1951.27
001-3769501-002   3817.38
001-3769475-002   -829.92
001-3769502-001   3445.98
001-3769503-001   5326.00
001-3769502-001   1301.63
001-3769502-003   6276.48
001-3769501-001   1747.37
Se mostraron 20 movimientos bancarios de la lista.

Ordenando por número de cuenta.
Nro Cuenta Banc   Importe 
001-3769401-002  37971.00
001-3769475-002   -829.92
001-3769501-001   1747.37
001-3769501-001  -2185.91
001-3769501-001   6154.79
001-3769501-002   3817.38
001-3769501-002  -1951.27
001-3769501-002  -1376.99
001-3769502-001   1301.63
001-3769502-001   3445.98
001-3769502-003   6276.48
001-3769502-003    984.60
001-3769502-003   5971.28
001-3769502-003   -445.06
001-3769502-003   5344.87
001-3769503-001   5326.00
001-3769503-001  -3022.38
001-3769503-001  -2071.29
001-3769503-002  -2859.82
001-3769503-002   5002.66
Se mostraron 20 movimientos bancarios en la lista.

Eliminando y mostrando los movimientos de CtaCte.
001-3769401-002  37971.00
Total Cliente:   37971.00 
001-3769475-002   -829.92
Total Cliente:    -829.92 
001-3769501-002   3817.38
001-3769501-002  -1951.27
001-3769501-002  -1376.99
Total Cliente:    1301.63 
001-3769503-002  -2859.82
001-3769503-002   5002.66
Total Cliente:       0.00 
Se eliminaron 7 nodos de CtaCte.

Vaciando la lista y mostrando las cuentas remanentes.
001-3769501-001   1747.37
001-3769501-001  -2185.91
001-3769501-001   6154.79
001-3769502-001   1301.63
001-3769502-001   3445.98
001-3769502-003   6276.48
001-3769502-003    984.60
001-3769502-003   5971.28
001-3769502-003   -445.06
001-3769502-003   5344.87
001-3769503-001   5326.00
001-3769503-001  -3022.38
001-3769503-001  -2071.29
                     0.00
Se eliminaron y mostraron 14 nodos de la lista